16
1 1 0 0 1 1 0 0 0 0 0 0 0 0 0 0
1 1 1 0 0 1 1 0 0 0 0 0 0 0 0 0
0 1 1 1 0 0 1 1 0 0 0 0 0 0 0 0
0 0 1 1 0 0 0 1 0 0 0 0 0 0 0 0
1 0 0 0 1 1 0 0 1 1 0 0 0 0 0 0
1 1 0 0 1 1 1 0 0 1 0 0 0 0 0 0
0 1 1 0 0 1 1 1 0 0 1 1 0 0 0 0
0 0 1 1 0 0 1 1 0 0 0 1 0 0 0 0
0 0 0 0 1 0 0 0 1 1 0 0 1 1 0 0
0 0 0 0 1 1 0 0 1 1 1 0 0 1 1 0
0 0 0 0 0 0 1 0 0 1 1 1 0 0 1 1
0 0 0 0 0 0 1 1 0 0 1 1 0 0 0 1
0 0 0 0 0 0 0 0 1 0 0 0 1 1 0 0
0 0 0 0 0 0 0 0 1 1 0 0 1 1 1 0
0 0 0 0 0 0 0 0 0 1 1 0 0 1 1 1
0 0 0 0 0 0 0 0 0 0 1 1 0 0 1 1


0 0
1 0
2 0
3 0
0 1
1 1
2 1
3 1
0 2
1 2
2 2
3 2
0 3
1 3
2 3
3 3


12
0 1 2 3 4 7 8 11 12 13 14 15
4
5 6 9 10 

0

1000
0,35