20
1 1 0 1 0 0 0 0 0 0 0 0 0 0 0 0 0 0 0 0
1 1 1 1 1 0 1 0 0 0 0 0 0 0 0 0 0 0 0 0
0 1 1 0 1 0 1 0 1 0 0 0 0 0 0 0 0 0 0 0
1 1 0 1 1 1 0 0 0 1 0 0 0 0 0 0 0 0 0 0
0 1 1 1 1 1 0 0 1 0 0 1 0 0 0 0 0 0 0 0
0 0 0 1 1 1 0 0 0 1 0 1 0 0 0 0 0 0 0 0
0 1 1 0 0 0 1 1 1 0 0 0 1 0 0 0 0 0 0 0
0 0 0 0 0 0 1 1 0 0 0 0 1 0 0 0 0 0 0 0
0 0 1 0 1 0 1 0 1 0 0 0 1 1 1 0 0 0 0 0
0 0 0 1 0 1 0 0 0 1 1 1 0 0 0 1 0 0 0 0
0 0 0 0 0 0 0 0 0 1 1 0 0 0 0 1 0 0 0 0
0 0 0 0 1 1 0 0 0 1 0 1 0 0 1 1 1 0 0 0
0 0 0 0 0 0 1 1 1 0 0 0 1 1 0 0 0 1 0 0
0 0 0 0 0 0 0 0 1 0 0 0 1 1 1 0 0 1 0 0
0 0 0 0 0 0 0 0 1 0 0 1 0 1 1 0 1 1 1 0
0 0 0 0 0 0 0 0 0 1 1 1 0 0 0 1 1 0 1 0
0 0 0 0 0 0 0 0 0 0 0 1 0 0 1 1 1 0 1 0
0 0 0 0 0 0 0 0 0 0 0 0 1 1 1 0 0 1 1 1
0 0 0 0 0 0 0 0 0 0 0 0 0 0 1 1 1 1 1 1 
0 0 0 0 0 0 0 0 0 0 0 0 0 0 0 0 0 1 1 1


6 6
6 4
5 3
4 6
4 4
3 5
6 2
6 0
4 2
2 6
0 6
2 4
4 0
3 1
2 2
0 4
1 3
2 0
0 2
0 0

12
0 1 3 6 7 9 10 12 15 17 18 19
4
4 8 11 14

0

1000
0,35